image_width: 1280
image_height: 720
camera_name: logitech_c930e
camera_matrix:
  rows: 3
  cols: 3
  data: [764.438938, 0.000000, 639.922809, 0.000000, 766.982033, 397.784271, 0.000000, 0.000000, 1.000000]
distortion_model: plumb_bob
distortion_coefficients:
  rows: 1
  cols: 5
  data: [0.029166, -0.075162, 0.004489, 0.000513, 0.000000]
rectification_matrix:
  rows: 3
  cols: 3
  data: [1.000000, 0.000000, 0.000000, 0.000000, 1.000000, 0.000000, 0.000000, 0.000000, 1.000000]
projection_matrix:
  rows: 3
  cols: 4
  data: [749.856140, 0.000000, 640.385302, 0.000000, 0.000000, 767.029480, 399.663070, 0.000000, 0.000000, 0.000000, 1.000000, 0.000000]
